{
  "GlobalObjectId_V1-2-d327d6ce70b2a314382159fe0f8d47d8-290237211-0": {
    "GameObjectId": "GlobalObjectId_V1-2-d327d6ce70b2a314382159fe0f8d47d8-290237211-0",
    "SectionColorRed": 0.5,
    "SectionColorGreen": 1.0,
    "SectionColorBlue": 0.8333334,
    "SectionAltColorRed": 0.125,
    "SectionAltColorGreen": 0.5,
    "SectionAltColorBlue": 0.37500003
  },
  "GlobalObjectId_V1-2-d327d6ce70b2a314382159fe0f8d47d8-902364429-0": {
    "GameObjectId": "GlobalObjectId_V1-2-d327d6ce70b2a314382159fe0f8d47d8-902364429-0",
    "SectionColorRed": 0.5,
    "SectionColorGreen": 0.5,
    "SectionColorBlue": 1.0,
    "SectionAltColorRed": 0.125,
    "SectionAltColorGreen": 0.125,
    "SectionAltColorBlue": 0.5
  }
}